5 4
2.8
9.694 0.986 4.476 5.356
12.153 6.434 19.608 3.146
11.821 9.519 7.028 14.118
16.667 0.683 4.450 10.579
5.194 5.362 31.995 1.730
12.943 4.071 17.168 10.489
13.418 3.150 10.178 4.967
1.276 9.833 14.434 11.172
8.343 1.985 9.828 8.929
11.118 3.707 8.170 3.754
6.272 11.493 0.271 4.229
11.691 2.478 6.447 12.393
3.223 2.155 3.184 0.199
9.822 3.263 12.452 6.450
10.075 5.597 6.531 7.280
7.366 13.221 0.506 1.942
12.931 2.298 7.815 14.176
8.582 4.123 11.619 5.066
15.711 0.606 4.068 12.002
1.208 7.041 3.296 12.729
3.135 3.591 0.993 6.444
1.015 7.151 2.860 1.631
6.123 4.242 1.448 12.622
6.731 14.489 10.679 3.482
0.642 5.932 12.536 0.500
10.660 2.130 9.263 17.485
6.124 4.026 5.354 3.326
0.846 2.692 2.784 16.545
7.821 11.671 12.754 2.428
0.031 4.577 10.415 3.625
0.452 7.161 27.808 1.616
9.090 13.241 7.323 2.418
2.402 0.667 1.259 15.456
21.896 2.427 9.371 14.548
7.145 10.095 2.001 4.693
26.075 16.532 15.559 7.308
15.335 14.482 11.921 1.142
8.282 8.545 3.322 6.707
2.109 7.520 0.135 1.911
9.725 7.405 1.996 9.736
10.696 6.781 6.063 8.965
3.497 4.460 5.220 11.647
4.883 4.013 4.680 0.059
16.173 10.947 1.784 11.891
6.089 1.713 1.881 8.950
12.937 8.171 1.085 7.003
1.129 13.385 0.017 7.591
5.678 8.656 2.372 7.310
5.845 0.039 1.584 16.190
1.689 2.961 14.056 6.469
5.054 18.183 4.913 4.185
0.474 5.110 22.635 1.217
8.773 2.520 0.062 23.090
8.397 24.411 10.033 1.049
5.120 9.983 3.390 0.020
6.454 1.839 6.220 0.844
8.099 7.162 3.491 10.116
8.946 2.947 2.773 3.448
2.581 4.595 6.463 5.494
4.386 6.206 9.529 6.828
11.115 14.962 6.635 3.860
14.677 3.683 8.498 2.588
5.715 6.297 0.300 18.764
2.319 4.384 2.548 15.795
8.202 6.997 6.336 4.506
15.705 2.411 12.768 9.437
16.451 8.233 3.870 1.893
15.338 1.235 9.793 4.472
2.606 20.543 13.738 11.597
0.144 8.637 16.470 0.483
14.000 13.477 4.652 3.642
0.549 29.706 4.000 11.463
12.162 3.892 6.371 0.135
22.878 10.964 6.085 2.420
15.030 5.058 1.206 6.064
2.403 3.570 10.554 6.175
0.762 4.103 2.566 7.974
14.339 7.311 6.699 1.201
5.763 8.413 11.063 0.363
3.000 6.964 5.497 4.431
22.293 1.901 10.209 10.956
1.590 0.764 0.778 16.833
5.088 7.633 1.710 1.839
1.213 9.095 12.924 24.036
1.319 0.375 15.133 12.907
9.457 21.612 2.402 2.170
14.136 9.782 19.344 1.629
1.268 8.048 1.658 0.733
10.131 0.244 13.530 5.025
1.448 9.536 7.969 12.443
6.813 18.599 7.232 0.411
2.434 3.801 21.984 0.712
15.617 8.102 2.763 10.052
16.695 1.951 15.983 2.573
7.897 3.706 3.499 7.279
9.657 24.349 10.305 4.306
9.174 1.297 17.868 9.060
5.486 5.604 5.743 4.049
7.063 10.709 8.816 12.433
15.574 10.970 13.256 4.623
8.687 1.052 8.405 11.514
0.611 19.059 3.532 2.887
12.697 2.926 22.496 6.901
10.728 9.304 26.969 5.507
19.033 0.446 17.245 12.707
6.644 2.430 10.842 7.383
10.177 8.543 2.335 3.565
12.535 6.584 0.815 11.435
2.123 5.209 1.755 6.956
17.096 10.577 8.068 0.481
8.112 4.951 3.602 18.703
11.242 1.687 1.375 2.355
13.782 8.495 17.313 9.918
6.840 6.206 1.569 11.444
10.402 3.291 2.956 7.716
5.851 7.620 0.704 11.934
7.611 8.258 1.959 13.030
11.776 2.408 12.467 16.982
7.876 0.801 3.637 12.622
15.291 12.324 11.636 11.859
0.546 4.031 7.800 12.427
9.603 0.695 6.546 2.260
2.756 6.686 17.237 9.106
8.285 5.129 2.963 7.261
1.712 0.009 3.032 27.855
8.917 0.786 21.138 14.425
9.681 2.451 4.330 0.489
3.823 1.081 15.565 1.535
13.363 4.187 3.932 1.685
8.266 13.628 7.665 17.247
9.533 1.547 27.364 3.111
10.050 18.231 3.221 11.402
2.855 5.027 4.742 14.179
6.337 20.614 1.463 3.409
18.188 17.698 3.737 9.705
4.568 2.636 16.097 1.608
7.262 7.640 2.973 2.724
27.389 12.388 13.203 16.767
2.068 0.122 4.665 3.855
8.270 4.837 1.667 3.677
7.678 1.985 11.189 17.012
5.867 5.010 6.834 9.053
0.117 17.302 8.853 1.413
8.207 0.678 4.975 9.314
10.215 2.580 7.225 1.276
0.271 7.362 0.146 1.504
14.791 3.232 28.204 0.835
7.025 0.357 1.491 4.303
7.879 18.854 22.357 5.596
18.294 0.465 5.109 3.380
4.705 14.503 19.797 4.005
12.076 0.809 16.306 9.468
1.457 1.471 1.060 2.741
14.308 6.383 2.166 0.055
10.103 3.746 6.915 9.339
0.851 22.874 6.080 4.740
0.979 12.641 2.136 6.409
14.642 13.924 7.515 15.432
3.841 4.093 5.732 4.888
9.466 30.121 1.437 4.858
10.914 16.297 3.959 7.086
10.477 2.509 4.563 12.679
1.987 6.391 1.260 16.417
8.835 7.311 2.650 7.491
9.425 0.114 1.251 14.330
7.989 15.517 10.013 13.091
12.202 1.377 7.364 7.347
15.171 9.179 3.188 11.498
7.330 15.598 12.976 7.767
4.320 17.180 7.559 1.069
8.744 3.003 15.387 7.010
2.314 12.803 0.503 10.119
22.687 8.827 5.584 9.774
9.194 9.411 3.396 0.748
5.593 11.406 23.729 18.812
11.381 6.765 0.541 7.427
3.247 3.756 0.399 5.990
14.461 6.234 11.741 7.852
13.458 1.655 3.703 10.209
2.115 11.597 1.766 15.696
7.116 9.322 0.376 1.361
8.298 2.090 2.057 2.927
9.980 8.592 5.694 3.328
20.292 5.498 2.264 3.783
4.407 8.984 8.842 3.978
9.270 4.804 7.926 14.552
10.071 10.601 1.204 21.612
16.045 0.109 10.702 13.054
7.113 17.116 11.892 1.608
12.701 14.802 2.324 5.290
3.114 16.364 3.391 7.599
0.151 14.105 1.530 4.857
0.267 15.102 1.721 4.882
12.212 6.655 1.084 2.223
15.151 5.401 17.723 1.179
14.931 17.881 4.226 7.362
4.916 5.666 8.095 6.933
2.153 10.927 9.288 1.002
4.623 6.494 13.078 5.629
7.861 5.476 13.013 6.371
8.703 13.536 4.626 8.384
4.767 14.147 10.595 1.688
0.697 3.361 1.221 5.171
3.855 9.011 7.344 4.524
2.706 5.078 2.675 2.425
2.293 3.695 21.074 5.245
11.300 19.752 3.721 20.852
8.780 8.364 5.176 20.729
2.643 13.075 4.818 3.221
5.438 14.401 6.912 7.653
2.888 16.210 3.539 5.002
12.454 6.509 8.083 0.996
11.932 9.725 9.308 3.310
9.189 1.517 6.871 1.050
1.431 1.254 3.206 18.392
18.445 9.319 3.137 3.351
12.205 0.941 8.092 3.786
1.003 11.338 0.678 1.584
6.914 2.766 16.269 6.242
9.559 18.817 8.919 5.912
6.194 8.146 1.770 7.161
11.722 6.378 14.022 2.697
6.970 5.553 7.590 7.544
3.813 2.863 0.624 8.659
11.919 1.255 7.385 6.381
4.942 1.392 4.404 3.574
19.415 2.998 10.635 12.240
5.088 2.302 5.409 3.238
10.499 9.803 7.337 9.334
12.562 5.891 5.241 8.462
1.719 14.308 3.250 7.491
1.959 5.789 0.149 15.791
9.414 12.947 0.789 11.773
0.420 2.911 5.067 2.631
1.735 9.742 14.766 8.143
1.053 4.410 20.915 2.088
6.515 13.385 4.517 0.088
9.758 0.166 7.498 16.382
4.219 3.061 14.929 5.757
5.381 2.320 8.163 2.831
14.297 8.236 8.762 19.024
3.655 12.928 7.835 1.315
31.220 5.559 13.343 7.717
15.536 6.059 5.136 7.107
19.869 5.973 5.465 3.045
13.473 9.205 3.280 11.292
1.386 6.535 3.869 7.115
1.380 10.649 4.094 6.669
10.957 3.811 2.705 7.391
6.220 2.569 24.576 8.069
3.949 5.990 10.265 4.322
12.094 3.164 3.041 8.533
3.127 9.783 3.523 0.341
5.617 1.722 15.747 0.041
13.796 1.089 5.880 9.200
14.948 9.745 8.061 13.526
8.679 1.214 13.929 3.837
9.738 11.837 0.733 8.248
2.854 20.852 8.617 18.607
1.181 9.945 7.503 8.663
5.355 0.166 4.825 1.353
6.634 7.549 4.715 21.769
6.627 9.631 4.428 13.772
7.990 2.147 4.897 5.032
8.339 0.862 15.335 5.505
2.855 15.204 10.590 4.156
19.520 12.004 10.191 6.330
4.656 10.109 4.152 2.180
20.916 5.132 4.764 17.994
3.440 12.484 10.820 5.001
7.222 3.087 3.525 1.143
21.568 8.904 3.397 3.944
8.344 3.594 1.889 15.793
0.450 12.644 1.611 15.390
1.786 2.453 2.188 2.077
5.776 3.091 7.702 4.309
8.106 4.289 4.023 15.365
6.074 7.633 10.037 3.146
6.113 8.667 2.183 17.434
3.550 11.298 14.298 4.268
4.132 6.268 3.813 4.750
21.709 9.792 12.269 3.398
8.983 9.636 1.183 1.485
1.973 7.943 10.269 3.714
1.520 19.902 6.885 3.612
3.047 5.076 12.159 16.991
8.125 11.205 9.965 2.352
18.901 5.987 8.154 3.166
8.929 14.772 12.183 4.853
5.501 0.016 7.943 22.065
6.061 10.696 11.229 10.238
17.985 2.123 10.425 1.417
4.398 3.986 7.884 20.576
5.148 3.876 11.268 0.952
6.499 0.853 4.876 4.073
6.903 21.818 10.125 2.872
13.592 0.436 16.294 4.995
5.260 8.255 3.430 4.563
21.253 9.610 17.075 7.031
3.183 1.235 0.359 15.270
2.681 3.532 9.825 6.373
4.930 6.318 16.512 16.321
3.267 33.178 2.504 16.475
20.585 1.704 9.727 10.695
12.768 8.469 0.090 29.549
4.640 9.915 8.657 3.219
7.980 12.212 8.114 4.303
11.414 7.093 4.962 10.358
27.986 5.350 5.643 9.691
1.171 0.004 14.490 12.978
8.536 9.821 5.329 7.902
21.719 13.774 13.220 19.970
5.961 2.261 11.556 2.558
0.007 7.721 3.809 0.681
0.785 1.038 3.953 9.634
27.919 4.621 11.400 8.073
8.535 3.836 13.823 16.716
5.552 9.956 7.875 11.399
0.765 8.558 1.036 6.690
4.296 8.275 8.957 6.835
3.281 24.487 1.544 13.696
6.233 6.382 6.786 18.530
1.139 8.660 10.806 7.558
2.921 3.031 7.803 6.495
5.128 7.702 8.267 8.573
7.331 1.603 4.123 8.129
6.027 8.563 15.905 20.243
22.454 9.207 18.849 2.381
12.609 6.794 1.381 0.411
8.984 10.228 4.713 2.447
12.185 4.527 2.660 2.681
15.750 6.189 1.598 7.445
7.706 5.033 14.563 3.809
8.403 20.093 1.986 0.982
6.838 0.024 0.195 14.840
8.585 7.479 6.151 9.710
1.948 3.324 8.493 13.222
10.985 3.818 3.146 11.146
10.011 5.306 16.775 5.874
4.940 26.144 3.720 2.922
17.662 5.937 2.719 2.833
18.667 2.814 6.152 9.134
6.721 0.740 4.938 19.360
5.754 1.433 2.457 17.865
6.741 3.935 7.863 6.005
13.476 3.890 9.480 9.299
1.939 11.627 8.591 11.620
9.910 3.061 11.170 9.338
3.716 2.548 4.265 7.008
1.562 9.009 6.971 8.408
12.091 4.339 2.315 1.615
5.867 0.401 0.329 3.960
0.926 12.875 1.272 0.108
1.786 0.516 9.791 3.164
8.583 9.394 8.199 17.843
2.437 13.254 1.698 12.056
23.848 0.363 14.981 5.265
1.744 0.441 11.138 3.928
10.000 2.478 1.466 1.114
2.203 5.461 8.005 3.283
11.061 8.833 9.354 19.096
13.111 7.424 17.189 12.880
2.627 11.402 0.288 7.197
4.659 1.510 0.715 6.875
5.645 3.171 0.601 1.526
7.634 1.057 1.152 0.729
6.667 2.684 5.588 5.465
0.708 6.037 13.805 5.030
12.420 4.646 0.388 8.364
23.356 2.086 22.354 15.946
17.206 9.757 18.260 14.067
6.533 10.932 0.495 16.621
5.559 8.257 6.104 5.600
7.955 5.786 8.362 6.058
5.950 4.599 4.010 10.813
1.712 17.825 7.746 15.389
6.782 22.412 3.779 3.172
13.323 3.546 12.071 2.708
3.900 7.678 9.759 6.504
7.630 2.593 5.849 3.078
13.511 3.807 18.200 6.295
9.232 5.053 27.269 4.637
9.071 3.747 4.147 6.229
3.073 13.011 5.741 0.260
1.865 4.984 7.805 5.425
0.464 4.973 17.250 1.338
4.384 0.841 4.141 11.629
7.071 2.941 15.690 9.466
15.860 4.934 12.890 31.577
12.089 8.035 0.625 23.408
5.989 8.033 5.893 3.138
0.124 12.298 6.641 10.371
1.845 5.907 5.730 14.607
7.571 9.695 3.598 14.922
10.565 3.529 5.276 19.374
15.348 9.711 9.890 8.533
4.584 17.979 4.365 11.871
6.753 6.976 1.266 4.126
5.494 10.186 12.435 13.711
4.763 7.652 1.367 9.018
5.305 4.360 18.403 15.083
9.427 10.293 8.587 3.661
4.236 3.598 8.390 18.229
4.230 10.264 4.940 0.017
5.612 10.194 14.860 9.161
13.881 6.634 0.747 3.981
8.028 1.009 5.115 9.425
1.604 2.010 2.499 11.840
16.150 11.375 9.605 0.573
0.141 0.101 3.298 1.706
2.811 18.950 9.330 6.525
0.917 5.905 17.025 5.735
16.701 8.699 8.082 4.704
13.521 4.735 0.193 9.393
7.016 10.992 2.922 1.333
5.400 4.519 5.501 12.639
3.421 13.551 0.988 5.926
17.602 3.274 10.197 11.561
0.359 7.084 2.114 11.716
15.281 3.144 19.388 20.604
18.849 14.477 3.831 3.262
7.950 5.322 1.288 4.843
3.409 4.988 10.262 0.109
5.525 2.161 3.914 27.887
13.198 3.005 3.840 11.623
6.799 9.160 10.011 12.188
5.534 15.034 5.339 14.174
0.472 2.795 2.737 21.468
2.599 10.142 19.700 13.995
3.708 5.021 7.293 8.172
7.512 20.682 3.784 0.309
0.905 7.056 21.598 10.500
11.745 12.051 9.018 5.020
10.866 14.054 10.558 3.277
30.668 13.495 1.620 6.092
4.109 8.043 4.505 1.065
7.076 0.262 22.709 12.509
20.711 15.097 6.289 10.584
33.268 16.406 7.891 1.151
0.012 4.559 14.698 7.227
6.698 16.201 1.628 13.070
9.849 9.395 4.783 5.201
19.424 9.759 2.016 9.571
8.127 1.701 0.662 4.838
13.467 13.529 15.723 1.467
6.126 9.892 6.681 6.952
3.056 7.169 6.622 16.432
4.578 4.013 18.304 13.620
6.703 8.349 19.875 0.383
1.326 7.332 4.710 9.607
14.728 8.578 7.439 6.914
6.331 2.022 13.193 3.079
16.846 1.510 11.690 4.515
7.824 3.387 13.147 13.418
0.664 1.238 10.780 4.233
9.070 14.837 5.304 16.987
17.060 5.876 12.123 15.391
2.897 3.092 7.197 2.389
5.286 3.828 3.181 5.828
12.426 10.624 7.581 9.399
14.257 11.226 19.329 6.572
6.040 14.677 7.509 20.560
9.189 15.843 6.968 3.997
8.996 4.796 4.209 9.847
5.559 19.367 4.417 13.153
12.717 9.164 3.660 22.884
1.930 17.828 3.582 1.199
1.224 1.743 4.438 1.978
10.562 3.273 8.987 15.852
7.567 2.714 12.157 14.910
1.022 1.850 2.645 10.792
9.473 6.242 6.758 2.694
12.335 10.424 21.111 4.972
2.495 0.845 6.651 5.316
3.220 18.704 0.244 8.666
6.958 4.210 1.527 1.865
3.897 1.605 6.873 8.443
3.425 9.870 3.646 1.666
4.204 1.248 0.294 3.474
1.277 1.391 1.665 16.681
16.287 0.981 12.117 9.950
13.189 2.342 2.972 4.591
7.824 6.548 8.569 6.385
2.691 13.326 7.745 8.756
2.318 4.440 13.508 3.335
7.942 4.736 9.257 12.510
1.079 7.227 14.208 19.781
15.014 0.847 7.837 1.743
0.546 7.525 2.976 17.876
2.576 8.254 15.277 9.021
5.698 7.494 2.305 6.459
10.078 7.113 21.348 8.196
13.960 17.514 11.424 8.317
1.329 13.664 9.586 1.744
14.180 9.822 5.416 10.052
20.969 5.566 6.488 9.306
25.335 7.625 5.390 19.791
15.313 10.247 16.419 4.099
2.120 12.902 1.241 8.021
8.464 1.536 6.230 14.595
8.018 3.995 13.616 1.987
0.153 3.655 16.198 12.983
5.832 3.332 10.740 5.570
5.836 18.653 2.781 9.688
0.163 5.032 9.929 15.112
2.490 3.190 9.203 6.608
0.958 15.122 7.657 2.739
0.686 8.248 0.474 1.920
13.359 4.355 14.360 17.678
1.265 16.794 9.226 1.409
8.788 5.273 18.863 12.179
11.767 10.696 5.182 2.224
6.591 5.171 8.070 10.666
9.299 5.355 20.759 4.691
6.257 0.427 1.106 11.251
3.379 7.991 12.039 7.947
4.710 2.935 9.727 3.506
4.047 2.086 0.728 1.599
7.015 10.050 11.173 12.890
16.748 4.548 22.809 10.199
2.111 6.625 10.841 17.188
2.159 7.492 14.353 13.435
19.032 5.302 8.161 6.310
8.953 0.996 0.018 6.146
11.992 0.303 0.715 1.854
1.451 4.315 0.817 4.651
15.185 3.781 14.657 3.813
5.079 7.750 5.247 7.982
13.973 1.006 7.360 0.987
4.436 7.396 9.888 21.065
10.533 0.892 6.912 11.716
8.698 15.367 2.172 14.750
0.421 3.067 1.307 9.869
19.044 5.239 8.341 10.364
6.830 5.342 12.661 9.010
4.192 7.409 11.361 2.492
7.925 5.957 5.017 13.462
6.482 4.440 12.569 6.233
2.298 2.669 1.366 9.514
6.682 14.904 9.109 14.688
5.795 15.027 3.383 0.663
14.523 1.987 1.830 32.461
12.848 13.204 7.923 6.927
26.845 2.796 15.345 2.036
7.828 0.363 8.125 0.715
3.963 0.629 0.264 4.883
14.727 9.934 4.737 9.930
5.625 22.637 21.438 20.531
14.311 0.925 9.344 8.318
1.633 18.327 18.227 2.853
2.934 13.145 3.314 0.216
9.191 4.803 15.832 0.970
5.687 1.163 2.961 0.315
3.763 7.697 11.547 2.959
1.639 1.269 2.571 10.277
5.448 5.137 7.272 5.007
6.445 7.537 4.105 5.163
12.198 3.428 2.469 15.828
2.481 9.501 15.503 2.449
7.860 0.373 2.661 1.844
1.898 11.233 23.182 7.319
11.386 0.341 29.740 5.851
3.140 0.379 3.102 4.568
15.062 1.553 8.531 2.477
15.760 6.508 12.752 0.481
10.253 11.093 10.172 3.945
8.307 22.310 15.478 11.614
16.784 3.710 3.774 0.980
3.117 26.076 7.466 3.527
8.431 12.712 0.081 0.522
7.314 9.393 13.947 15.007
11.059 9.578 9.806 1.165
16.445 12.511 4.738 13.477
18.499 1.209 8.137 8.406
2.815 4.809 17.258 5.630
13.752 3.918 2.852 4.430
14.735 10.212 6.828 7.773
12.494 19.199 4.819 8.041
0.783 5.647 7.667 14.559
5.431 13.803 22.008 8.698
12.371 11.920 3.419 7.202
1.658 6.778 0.187 0.086
0.280 6.502 10.955 3.302
14.496 9.613 0.698 8.637
1.720 0.198 3.406 8.889
8.694 11.170 2.542 4.293
12.926 5.473 4.791 7.217
1.887 5.573 7.539 5.769
2.567 2.279 1.121 8.161
17.228 4.776 6.187 5.176
15.040 9.538 4.867 10.233
6.376 1.008 4.272 4.398
2.476 4.055 11.597 3.901
1.977 6.507 26.501 9.641
3.745 9.481 4.598 0.620
2.251 10.359 1.869 0.689
2.168 17.368 7.178 3.620
8.847 16.121 3.364 9.105
6.620 7.208 1.199 8.358
9.154 11.831 13.838 7.522
0.575 5.183 3.216 12.803
1.217 14.209 8.421 1.418
23.843 0.210 7.188 3.739
12.431 20.291 1.620 2.686
13.807 15.207 13.512 11.850
6.559 1.488 24.611 12.089
2.561 3.397 1.992 15.183
6.117 14.121 12.718 5.504
4.518 2.090 8.451 10.609
4.491 2.975 1.807 16.417
9.148 14.008 18.356 1.437
1.073 14.028 11.216 2.935
4.148 1.376 2.706 10.273
1.412 2.735 5.041 5.674
15.971 7.586 19.848 1.962
4.213 3.106 1.971 22.210
5.777 13.160 18.682 3.649
1.187 1.262 1.858 3.450
7.292 0.998 4.226 7.336
6.827 3.780 0.652 13.686
1.412 1.003 11.835 21.933
3.198 1.679 2.874 4.047
2.421 11.558 1.800 17.231
15.228 6.081 8.708 9.989
10.511 19.513 0.720 3.386
0.909 13.666 5.129 3.028
11.643 0.560 4.778 10.138
1.020 8.369 7.582 24.793
3.076 7.472 8.686 7.648
0.687 3.597 5.753 17.362
16.173 15.659 21.546 6.340
4.437 5.805 11.471 5.704
5.664 13.899 10.208 12.798
11.583 10.758 6.529 7.066
6.324 20.090 8.866 18.077
6.318 8.201 7.026 24.572
1.144 2.404 7.916 5.398
8.603 11.720 8.118 13.519
12.208 7.964 3.805 1.433
5.225 5.581 14.860 4.776
9.940 19.285 9.595 0.228
1.004 2.481 1.694 13.954
10.731 5.235 4.550 8.599
21.935 18.197 7.210 15.409
8.181 12.762 7.450 2.176
2.082 0.959 1.023 12.227
1.721 1.758 8.678 10.760
10.873 9.490 3.633 3.990
4.730 6.339 18.079 18.666
13.245 2.090 13.441 1.694
8.783 1.061 10.002 12.857
19.442 18.810 6.142 4.100
11.352 6.392 3.911 4.041
7.798 24.333 8.997 11.116
1.353 9.850 2.577 0.957
5.364 6.457 15.577 33.995
13.308 8.433 0.588 6.367
0.981 6.378 1.093 17.548
8.553 1.348 5.309 9.118
5.764 1.588 4.571 17.651
17.536 26.240 8.262 16.353
2.179 1.476 2.071 0.331
7.573 18.167 10.155 3.562
4.168 9.737 13.234 0.457
5.594 11.978 6.128 2.548
4.589 3.394 7.112 5.974
4.169 9.960 6.752 1.994
0.267 8.496 6.124 2.169
7.477 12.144 10.177 8.534
4.300 1.033 4.386 12.555
5.541 9.389 10.376 13.927
1.329 13.585 10.897 0.615
3.451 14.498 0.030 10.436
1.580 2.858 19.036 10.354
6.361 0.019 17.769 6.021
0.654 10.820 9.989 7.576
14.272 4.910 6.430 7.075
13.597 14.084 4.165 4.320
15.611 0.836 0.595 3.133
4.870 7.340 4.344 18.801
6.670 1.758 6.608 0.608
12.633 11.945 3.819 12.003
22.902 21.586 5.681 3.365
4.823 10.641 9.629 9.430
5.901 0.019 3.169 7.954
5.703 2.606 4.499 2.064
6.625 9.996 7.317 4.566
7.611 6.938 12.503 10.781
6.394 7.451 6.227 4.300
20.390 15.407 15.344 0.743
11.382 6.437 2.967 4.595
4.841 7.246 4.692 2.001
0.423 5.231 7.451 6.156
7.039 5.422 6.102 12.447
6.310 6.648 3.945 9.271
1.376 17.610 5.235 1.365
15.489 9.156 18.345 12.997
3.654 0.007 2.785 4.350
8.826 0.796 17.697 16.679
3.014 14.868 7.674 7.876
10.610 7.290 6.506 2.558
18.011 6.250 8.855 2.733
7.828 5.124 13.256 0.174
5.470 12.233 1.621 6.511
4.491 7.872 14.772 7.231
17.092 15.261 0.410 0.441
4.314 14.130 9.920 5.950
8.363 6.416 2.568 12.636
6.853 0.661 16.543 14.156
4.890 18.426 2.348 6.721
25.190 5.729 11.980 8.574
3.226 7.133 8.524 0.247
6.258 1.001 7.714 17.953
18.419 11.848 5.173 2.942
26.376 1.246 15.636 9.703
20.948 6.558 12.305 3.101
8.327 7.783 7.722 5.374
9.529 0.425 7.767 13.568
3.867 3.353 2.258 2.663
4.428 7.612 11.172 9.114
9.475 16.007 4.121 0.582
2.622 2.780 2.213 18.870
6.525 7.728 7.136 12.617
3.082 12.665 23.868 6.034
10.859 3.188 5.459 5.383
3.022 3.797 13.903 6.383
1.773 23.987 12.918 7.846
8.920 3.731 4.366 0.299
7.146 7.852 0.743 12.904
2.889 2.545 17.153 1.073
4.264 1.656 4.637 19.990
10.633 12.610 2.825 2.996
12.591 10.843 0.093 14.101
11.056 1.030 1.577 17.380
11.133 3.041 10.883 6.706
6.566 12.078 4.246 1.262
12.686 15.622 11.777 7.157
2.088 17.226 0.636 7.733
7.782 23.587 6.637 0.634
2.628 2.128 15.185 9.935
3.196 3.027 1.832 6.005
1.975 4.628 10.193 3.656
12.840 2.474 11.172 5.564
16.756 9.491 20.876 13.474
5.309 0.767 1.603 2.245
5.767 4.291 12.172 5.651
1.089 1.469 1.861 22.462
10.452 6.732 5.504 0.686
0.642 6.355 19.275 2.297
10.764 2.026 15.026 10.919
12.748 3.931 13.564 1.101
12.282 0.447 0.896 20.066
11.127 0.710 13.906 10.820
7.058 8.391 1.672 10.676
10.101 5.751 4.950 15.457
5.755 23.430 2.060 9.210
18.242 5.787 9.679 12.415
1.531 9.595 10.395 15.101
12.403 14.031 9.100 8.301
0.993 2.877 0.273 8.963
8.159 8.037 16.682 15.741
6.552 12.798 14.046 5.482
13.442 6.617 6.473 0.677
9.320 0.544 8.435 11.108
5.649 2.494 2.790 5.734
21.592 6.763 2.383 3.694
2.766 21.631 19.980 14.285
15.526 11.548 1.492 5.944
18.004 7.200 5.631 1.375
15.047 10.489 3.353 2.794
9.494 3.044 5.185 10.270
1.332 3.651 0.502 16.267
10.720 1.491 19.484 28.954
5.005 9.122 0.224 4.081
0.621 11.246 8.691 18.406
18.658 8.797 3.250 13.491
0.008 1.975 9.275 12.345
16.001 2.125 3.157 11.837
10.542 4.308 11.336 2.246
7.810 9.542 15.186 3.927
1.819 4.124 0.129 3.417
5.887 3.112 7.010 2.279
10.539 8.798 1.545 6.890
3.008 17.511 5.200 16.000
1.816 8.531 8.968 15.861
0.057 10.129 12.137 5.294
6.240 5.799 6.799 8.624
8.473 9.806 6.660 0.468
3.266 29.481 3.502 6.247
9.187 0.572 12.352 0.048
17.345 23.726 0.866 2.787
9.348 0.315 1.148 13.947
20.821 9.679 8.134 6.444
0.999 7.252 5.669 15.096
3.871 0.053 2.032 7.828
0.794 4.098 9.858 0.542
2.481 3.312 6.484 6.527
15.896 5.285 10.102 7.551
8.377 22.299 5.860 18.239
10.224 0.222 6.809 0.832
3.566 25.334 3.232 2.669
15.541 7.876 7.909 7.766
5.472 8.110 6.919 13.096
11.809 8.037 4.876 17.390
8.973 2.730 5.319 10.103
14.695 6.521 1.507 6.529
10.266 3.809 4.348 5.109
7.115 1.525 12.146 4.989
7.311 2.599 5.186 8.637
3.452 18.058 11.932 0.959
2.594 2.288 10.871 9.302
2.750 11.363 1.995 19.352
0.203 6.033 2.592 26.957
2.286 6.278 1.083 7.752
1.292 9.597 16.308 1.626
5.731 17.147 4.081 12.869
2.707 7.276 4.720 17.572
5.015 9.398 7.145 3.852
5.584 21.220 3.631 5.756
3.465 1.353 1.827 5.213
11.151 4.589 5.321 9.912
3.369 7.539 9.534 9.273
9.306 12.577 14.430 7.114
7.751 4.706 5.366 3.933
8.363 1.578 4.276 5.135
10.310 5.795 15.007 10.698
15.840 24.752 8.366 12.833
3.690 9.931 0.731 6.715
12.713 12.703 4.229 0.579
1.262 11.499 15.066 7.358
17.151 18.039 7.894 8.560
2.964 2.506 8.280 2.085
1.143 1.613 1.657 4.646
4.108 9.123 8.205 4.322
6.391 5.508 4.967 14.511
1.977 4.941 2.364 12.195
11.402 17.214 10.302 0.097
12.363 5.700 5.181 12.927
5.547 23.152 4.940 4.707
2.996 3.211 11.516 5.130
2.401 4.985 3.713 5.155
5.664 2.630 0.648 15.216
4.473 0.718 6.957 29.931
9.659 15.974 15.414 11.681
9.352 23.222 6.905 1.351
0.088 4.569 11.477 19.466
1.157 7.711 6.616 8.448
0.275 4.089 7.080 3.268
7.577 13.743 9.299 1.733
10.538 7.307 12.319 9.950
16.600 0.070 4.289 6.693
4.095 1.386 12.440 6.062
0.955 1.155 13.266 1.682
8.024 1.358 4.143 9.097
6.936 3.535 9.887 17.811
6.466 1.104 7.908 8.249
5.802 4.810 0.357 5.062
14.574 5.874 2.839 1.979
2.899 11.505 1.072 4.444
9.579 3.075 3.341 14.546
6.467 2.647 0.073 5.159
9.441 1.062 15.577 11.489
2.363 2.470 14.711 1.147
1.818 8.798 11.276 7.563
17.575 4.101 5.986 2.189
7.884 25.562 13.089 1.002
12.203 18.321 3.201 3.277
7.050 12.567 3.298 16.497
3.688 11.300 2.476 1.444
0.453 3.961 5.752 10.644
3.621 13.410 4.241 5.584
14.453 3.166 11.411 9.008
8.624 1.418 3.083 13.768
12.435 13.470 15.211 3.069
1.336 3.986 8.050 7.294
13.169 3.036 2.632 5.556
22.264 4.055 3.184 4.347
5.861 10.637 8.188 2.668
13.194 5.976 9.710 16.404
3.692 1.853 6.855 7.103
4.950 3.576 0.110 16.760
2.966 14.553 10.040 9.498
24.898 13.332 9.837 24.566
1.173 6.707 5.978 12.785
13.332 13.598 5.727 2.930
2.814 12.108 3.851 8.200
0.769 18.430 1.122 11.821
9.594 11.591 0.641 19.995
7.746 5.000 5.981 3.345
3.400 6.384 11.289 3.993
7.761 12.377 5.025 20.468
3.244 6.989 6.309 8.900
15.963 0.868 0.242 12.378
12.544 10.640 0.274 2.721
5.103 1.493 10.186 11.675
8.312 1.138 15.999 0.417
12.060 1.569 11.562 0.650
4.333 6.946 11.651 9.401
2.427 3.825 2.737 8.515
6.767 6.662 11.207 1.989
2.045 4.866 4.056 11.364
5.281 1.583 14.380 9.943
4.767 8.691 13.020 10.977
10.097 9.818 5.193 4.287
13.081 14.283 1.382 19.541
3.232 2.793 1.085 15.816
11.324 5.123 3.790 12.925
27.307 0.746 17.886 17.976
11.686 0.651 13.615 4.214
2.960 18.179 16.604 12.877
5.155 8.554 6.452 2.275
9.869 8.223 17.476 6.324
9.336 2.864 15.682 0.744
11.446 19.413 9.554 2.378
1.444 4.196 10.312 10.496
4.890 8.031 15.871 21.198
18.843 2.836 18.428 7.785
6.389 11.014 6.410 1.827
5.992 16.384 10.907 4.558
1.536 21.271 1.641 3.370
10.826 17.026 3.675 9.468
10.806 15.651 21.049 2.635
17.115 6.127 29.266 2.993
14.328 0.320 11.184 10.467
19.045 4.753 10.733 20.086
10.816 9.835 0.521 10.670
3.018 5.070 1.053 10.572
5.721 12.447 8.394 27.345
13.166 18.764 4.961 15.869
8.015 3.433 10.712 16.847
0.768 8.197 8.335 4.101
6.573 1.955 10.219 2.025
9.300 2.575 6.568 2.377
3.180 6.211 6.697 7.840
10.134 2.616 5.562 7.568
9.703 18.411 6.709 6.429
10.154 4.325 1.655 25.323
10.356 0.301 10.807 2.305
10.504 10.656 1.128 17.360
1.236 5.924 3.327 0.737
18.847 2.918 23.281 5.929
6.035 4.213 15.870 13.139
12.518 18.438 4.031 11.167
13.236 12.266 0.041 3.090
2.088 13.217 8.446 19.101
17.827 1.693 0.083 12.630
2.219 6.396 8.429 8.620
14.570 3.681 16.620 18.381
7.081 5.963 3.452 9.187
2.286 0.162 5.687 4.851
5.263 11.995 2.554 9.375
22.355 3.306 18.066 9.574
1.142 14.958 3.478 9.132
1.237 1.909 6.329 19.953
16.923 2.310 8.611 9.083
1.894 2.330 18.471 2.461
11.929 5.377 7.259 3.785
14.298 0.945 11.987 7.296
21.171 4.455 22.239 11.009
2.770 19.703 2.753 7.149
22.672 12.417 13.599 4.983
0.934 4.316 4.183 16.497
2.354 15.867 1.506 13.260
20.686 3.425 1.944 3.225
2.157 1.698 4.502 18.235
1.710 7.986 2.575 12.371
2.179 3.618 4.182 1.217
18.875 2.794 21.540 2.715
8.986 2.025 24.221 21.074
2.587 4.083 7.899 0.120
0.587 10.445 4.149 5.457
10.675 12.589 1.367 7.618
11.428 4.729 11.796 3.835
7.544 5.189 15.241 0.443
4.964 10.491 3.999 12.646
5.183 10.871 8.757 4.482
14.766 12.277 22.416 8.127
14.635 17.469 10.619 3.124
9.563 3.454 8.130 10.474
5.658 3.790 18.776 9.949
6.777 6.764 2.837 5.719
1.215 12.713 10.617 10.963
22.703 13.994 0.372 5.512
9.022 10.720 4.585 7.892
18.582 6.881 8.765 14.029
5.975 15.231 6.518 6.364
3.508 10.612 8.351 31.308
11.924 13.873 7.850 3.839
7.560 14.532 24.196 6.790
5.823 3.148 0.456 8.824
7.287 9.959 17.114 2.499
5.803 5.202 14.246 6.476
2.162 4.643 18.056 9.634
6.611 5.705 17.721 12.592
6.327 0.940 0.325 4.030
4.814 7.780 1.161 20.796
2.270 0.315 2.107 13.777
5.249 0.477 16.774 1.268
10.475 8.091 16.650 6.170
19.671 4.457 5.460 5.021
5.206 1.935 9.533 15.055
1.221 6.107 6.870 5.159
0.955 14.090 5.164 3.302
5.931 15.542 15.961 5.667
6.086 8.677 3.307 1.185
2.762 15.386 6.516 7.928
4.384 10.319 2.566 4.134
10.165 9.880 12.054 2.156
5.933 13.596 7.936 5.335
15.221 11.976 6.975 13.022
0.657 4.822 6.766 6.950
7.876 0.971 4.464 0.421
2.415 3.263 1.244 29.174
15.471 6.514 20.312 13.320
3.311 7.931 8.082 25.933
7.257 8.667 16.446 11.351
0.359 11.069 18.346 4.708
6.379 22.263 10.334 9.165
5.830 7.345 3.555 1.772
10.803 0.239 5.625 0.669
5.657 6.447 18.084 3.982
3.114 8.513 6.630 2.171
2.536 0.756 0.052 23.594
8.721 24.559 9.404 12.807
22.661 3.380 7.629 25.190
4.820 4.753 3.563 3.980
7.555 2.533 10.233 7.037
3.503 2.321 3.516 7.222
7.327 2.087 11.173 5.265
4.043 2.328 0.113 7.837
9.916 9.871 11.641 9.982
8.226 15.916 3.257 10.092
0.596 1.244 4.111 5.374
14.408 6.947 0.082 13.111
4.968 0.882 20.021 4.122
11.501 6.871 20.203 10.401
8.027 4.549 12.452 4.423
1.013 17.478 14.366 6.954
4.334 9.320 2.426 16.096
11.917 6.737 13.195 2.821
2.126 3.751 9.122 3.132
20.295 6.803 4.190 6.584
0.220 1.803 16.634 25.382
3.135 1.570 0.174 15.727
5.260 8.323 22.629 5.268
8.679 0.582 1.709 14.721
2.250 27.004 1.271 6.752
1.823 17.735 12.248 0.654
3.889 6.091 11.749 2.761
19.547 10.766 1.012 0.750
5.680 12.267 3.874 7.581
7.515 2.292 3.240 7.795
0.262 0.182 10.745 5.887
3.999 4.059 11.639 2.509
1.198 0.317 14.388 3.094
20.473 21.423 6.436 8.464
12.733 6.411 16.912 4.470
14.615 10.866 13.089 11.334
5.917 5.435 12.183 2.453
1.000 0.394 12.461 13.696
7.114 25.350 9.641 9.330
2.340 3.188 11.165 4.622
2.286 6.613 3.608 1.442
3.203 4.920 3.219 2.092
11.030 3.728 3.864 2.741
6.713 0.200 5.161 21.611
1.604 2.486 12.753 22.480
0.855 18.095 17.413 26.414
20.207 3.500 17.109 7.017
6.120 1.239 12.003 13.362
12.640 18.710 19.440 0.510
8.329 6.037 6.514 7.876
4.429 2.756 2.064 20.925
3.897 8.133 9.142 5.621
7.168 2.210 8.183 13.954
0.461 1.646 0.384 10.603
4.871 12.766 12.744 20.762
12.224 4.167 3.372 4.192
3.947 11.958 12.643 0.066
3.406 15.037 7.443 8.261
12.446 6.471 4.243 20.175
0.446 14.390 9.499 0.264
0.262 11.015 1.935 2.208
13.110 4.643 2.696 11.063
19.207 11.255 2.086 20.892
14.221 0.177 0.689 14.481
10.818 11.409 11.399 5.219
6.098 6.013 5.558 13.490
0.826 2.919 3.104 3.182
13.294 5.939 8.635 9.044
19.865 5.092 5.763 20.349
8.203 6.362 0.558 16.023
4.487 21.398 1.147 10.670
29.861 4.757 0.653 7.481
6.154 0.948 9.014 1.802
0.099 7.309 22.550 4.766
0.809 4.609 0.045 18.002
0.429 12.095 24.542 1.961
1.402 16.858 15.633 5.041
3.636 15.901 21.111 15.486
4.682 10.842 20.290 10.031
9.299 4.281 1.980 14.134
9.028 9.895 7.633 11.543
3.933 7.780 1.099 4.834
0.748 25.606 5.605 18.628
11.860 5.599 2.769 7.268
5.148 9.779 6.551 6.560
0.275 9.220 9.773 1.984
2.418 6.138 9.001 24.200
7.771 16.064 10.810 17.654
14.535 12.601 0.262 8.945
3.156 17.329 3.161 15.407
21.293 14.926 2.827 14.592
9.713 11.212 0.356 8.312
4.454 1.579 5.044 14.486
7.714 9.873 5.420 6.634
10.241 7.062 1.657 2.547
0.318 0.251 2.785 21.868
6.882 8.688 6.125 19.223
1.349 32.547 1.456 10.758
9.383 0.486 14.411 24.428
10.229 8.422 9.149 12.289
0.309 7.648 7.471 11.879
10.792 1.782 12.003 7.387
13.161 4.954 13.937 0.568
12.326 14.246 6.578 8.381
8.727 2.769 14.102 11.713
2.594 3.431 2.706 7.435
19.689 7.600 8.044 5.536
8.157 2.350 2.286 16.197
16.837 5.185 1.682 9.072
6.904 16.837 7.248 8.721
7.977 3.269 7.749 20.292
0.840 17.054 10.619 17.681
10.418 19.479 7.924 8.739
24.389 2.755 3.008 4.213
14.032 2.952 21.290 9.262
6.665 8.873 4.560 12.647
13.795 10.368 22.805 8.791
1.827 6.227 16.648 3.494
7.649 8.631 2.890 17.975
13.283 11.986 3.216 12.471
5.744 1.738 3.683 23.631
1.161 5.105 3.177 15.601
0.953 8.289 15.276 10.167
17.222 0.468 7.278 11.868
5.531 14.269 3.179 13.760
5.311 4.461 4.447 1.544
1.701 12.293 8.101 17.155
10.599 1.008 3.233 8.569
11.640 1.471 3.779 13.314
3.292 11.960 1.956 5.454
6.808 9.038 16.644 12.537
5.756 10.600 11.219 2.680
4.394 3.463 7.890 10.107
9.357 4.595 6.054 18.988
9.729 14.020 8.764 14.522
15.896 7.679 1.928 5.283
2.862 5.318 6.708 4.217
2.858 11.242 9.557 2.598
2.682 0.832 7.869 10.355
11.366 4.393 3.329 2.789
14.950 6.155 12.661 2.204
5.199 15.615 2.794 3.299
3.268 9.019 4.274 5.171
6.836 14.574 8.940 1.830
9.889 0.387 12.914 8.449
7.525 11.037 6.835 0.594
15.284 0.365 18.587 17.420
9.635 4.024 7.859 18.049
4.754 0.660 10.024 6.471
1.165 2.956 0.120 0.532
16.619 3.057 3.504 4.446
7.166 4.769 13.916 7.810
9.646 1.896 5.279 4.503
8.649 3.719 0.361 11.513
2.012 17.900 2.187 4.302
13.955 11.980 8.341 0.266
6.772 14.036 16.003 18.070
12.287 18.658 4.769 5.415
21.216 2.526 2.135 4.038
3.694 1.900 2.817 4.996
1.050 11.076 0.384 10.688
3.941 14.467 5.528 5.374
9.327 0.666 8.811 4.643
25.611 4.105 10.949 1.368
15.280 11.404 1.942 12.700
16.782 0.189 1.407 11.101
16.987 1.068 9.549 8.526
7.454 12.013 7.915 12.534
15.828 8.878 3.600 11.559
5.198 8.356 12.332 11.540
15.627 5.633 2.128 6.704
5.243 12.741 4.918 18.134
13.901 10.816 21.902 10.376
15.993 5.026 17.868 20.518
9.992 3.032 17.341 1.704
3.612 13.696 19.187 6.292
4.513 2.420 5.897 11.894
0.942 11.067 5.711 4.571
9.911 4.863 19.411 1.765
2.709 1.343 5.637 2.723
3.779 12.876 1.310 6.900
7.855 1.051 15.262 0.925
8.856 0.373 0.681 8.850
3.222 2.267 5.648 13.116
19.098 1.637 3.558 5.071
1.898 4.130 2.885 11.787
8.092 3.916 8.568 4.555
32.227 4.202 6.574 16.025
1.906 7.653 3.711 8.666
3.360 23.397 7.905 0.960
6.160 25.210 5.374 19.157
8.546 13.894 7.266 3.398
16.396 9.434 9.581 11.247
17.184 2.173 1.648 0.283
7.087 0.458 4.429 14.486
9.631 2.968 3.467 3.788
6.212 2.215 0.161 6.190
11.718 2.341 13.190 9.625
9.401 8.353 23.980 10.612
10.966 13.119 29.097 17.923
3.892 13.468 8.554 10.009
0.836 7.821 10.084 11.340
2.159 2.750 10.289 1.028
4.476 11.163 2.580 16.093
0.217 0.059 7.449 9.698
2.408 10.232 9.927 6.448
4.598 2.333 8.853 8.330
9.126 8.861 6.485 0.018
6.843 16.089 1.628 0.345
1.745 1.862 0.161 16.348
15.666 3.449 10.397 6.374
4.921 12.298 8.548 1.759
2.139 7.457 16.080 0.728
5.247 1.095 1.318 3.483
2.466 3.997 9.511 7.123
1.303 5.241 7.340 1.720
7.258 5.612 2.264 4.654
2.398 6.020 2.188 1.684
2.050 8.636 0.986 18.586
5.279 4.311 7.969 19.973
3.658 5.915 4.081 12.587
0.466 5.054 9.260 2.368
2.473 8.664 11.381 0.500
3.328 0.446 8.698 0.621
1.062 11.981 2.523 9.186
8.931 10.506 0.518 3.185
6.975 12.225 12.288 12.661
6.987 13.740 7.337 0.808
5.102 0.343 16.187 5.774
10.497 4.945 2.457 5.930
3.223 11.240 9.173 1.906
0.941 0.280 2.771 13.609
7.441 15.819 3.608 15.012
5.638 0.533 7.448 5.569
3.560 6.806 14.587 4.311
2.260 4.687 0.318 9.260
9.281 21.705 16.372 11.409
4.176 13.887 4.647 5.300
1.851 7.001 9.278 12.573
8.953 25.256 7.962 11.007
6.725 9.781 3.273 8.021
13.171 6.595 20.200 18.447
11.576 6.136 5.618 1.156
10.753 3.043 7.800 8.287
0.528 2.000 18.941 5.078
0.390 0.902 4.336 10.073
6.965 10.602 3.968 1.895
10.114 0.672 4.555 10.344
5.763 4.279 3.763 16.104
17.020 3.358 2.179 2.657
10.899 14.092 1.603 4.886
13.375 12.241 8.691 6.216
12.593 2.150 2.401 13.388
12.305 2.892 0.507 2.541
3.267 1.638 7.152 7.742
6.852 5.423 27.380 6.563
8.425 21.093 1.656 0.102
12.999 6.606 3.795 11.217
10.193 12.070 6.045 0.657
11.926 8.637 9.065 11.697
0.984 9.136 0.593 1.009
1.709 3.397 5.037 8.786
19.976 5.658 5.659 25.491
6.138 10.829 9.356 5.720
0.528 12.291 2.461 3.378
4.664 1.177 3.190 1.237
4.855 9.492 3.658 8.368
3.440 4.954 8.870 12.847
22.236 2.235 16.868 2.842
29.413 3.004 1.230 1.833
13.955 1.259 15.953 0.302
0.814 11.606 8.827 10.242
12.108 14.002 13.386 3.890
11.832 0.318 2.747 10.305
3.533 21.183 13.195 17.809
6.346 9.086 2.446 13.445
1.792 13.669 15.416 2.688
0.336 0.164 11.015 4.686
3.257 6.572 8.029 8.998
5.402 7.761 17.625 13.427
14.165 16.525 9.858 15.727
0.131 13.840 1.226 12.653
0.303 9.193 2.742 14.867
4.808 25.658 2.528 6.044
7.242 7.837 2.546 6.861
10.151 0.418 16.006 1.256
0.830 7.145 0.489 3.324
4.014 14.768 12.079 3.175
15.870 11.816 15.096 18.975
1.680 5.704 15.270 3.756
10.305 0.017 4.581 10.210
18.138 4.410 4.977 0.123
0.097 0.713 0.735 10.685
3.249 4.841 9.997 5.592
21.847 3.687 6.765 24.780
5.985 3.051 6.919 12.074
5.769 8.294 11.071 1.408
3.045 5.480 5.887 2.247
7.536 9.041 6.605 4.182
1.439 1.680 12.480 6.241
7.506 1.379 1.610 5.526
2.093 1.257 12.846 15.613
3.364 8.737 17.429 12.177
9.077 4.610 13.809 1.205
15.354 1.151 2.453 20.720
8.464 8.387 15.615 12.995
14.103 8.893 16.388 2.732
21.167 5.774 11.333 5.194
8.276 10.337 13.011 8.599
9.362 9.886 11.961 14.949
5.935 12.726 18.558 8.738
2.587 4.181 16.286 1.101
8.510 0.284 3.499 9.176
0.014 1.904 11.530 10.451
15.767 15.851 2.256 6.653
1.037 12.201 3.944 3.577
20.270 11.850 7.138 9.976
1.112 7.433 3.559 1.601
1.300 3.910 11.534 15.689
2.626 5.051 9.798 6.601
20.866 6.675 1.573 22.556
2.291 0.932 8.929 1.352
4.639 11.370 4.954 4.164
3.093 14.480 0.146 10.740
10.656 11.314 19.066 7.862
12.019 12.604 8.300 2.038
0.840 10.501 9.877 9.346
12.341 25.761 4.108 2.087
1.434 2.846 20.090 29.741
7.216 4.690 19.413 13.066
0.954 15.007 5.617 21.962
9.417 5.784 8.097 1.622
22.302 1.653 9.797 23.009
6.931 5.242 7.974 18.696
13.426 2.609 21.511 11.196
18.191 2.171 27.422 11.076
8.465 13.141 3.990 20.856
3.309 13.866 7.302 9.233
11.948 6.429 4.713 8.070
6.074 12.668 4.931 5.294
7.515 2.918 6.575 9.549
9.450 0.914 1.520 15.419
8.550 8.891 13.660 9.293
4.910 5.098 3.536 4.993
0.878 8.243 0.171 7.269
14.625 19.085 2.507 3.537
5.143 4.599 8.753 20.097
2.170 4.046 0.641 10.234
10.805 2.821 5.698 8.832
5.300 15.786 6.196 6.446
10.167 11.294 5.667 0.468
8.820 18.586 17.115 11.278
2.554 8.407 5.786 0.797
9.147 9.124 4.180 11.691
2.235 0.305 5.136 12.141
11.211 1.601 10.005 3.168
4.137 10.807 13.157 15.825
21.225 2.138 7.299 8.742
4.141 24.940 1.310 4.923
7.092 7.294 8.500 1.792
3.555 7.063 8.071 13.140
5.057 5.259 0.459 6.818
6.955 17.376 10.594 3.605
1.117 4.869 6.021 2.439
5.022 5.229 8.793 14.466
16.620 22.938 11.174 11.686
24.877 18.837 12.442 12.578
3.836 5.519 0.279 14.115
3.774 8.418 2.651 0.343
1.075 3.778 6.271 9.245
17.570 0.263 13.795 4.186
7.524 1.798 10.674 11.128
1.304 12.951 14.838 9.488
8.405 6.782 12.767 1.731
8.694 24.321 1.982 1.729
11.251 11.986 5.964 1.428
2.808 4.189 1.294 9.520
14.631 19.196 12.257 2.220
